1 10
100 200
201 210
900 1000
1 1
10 1
464 234
245 345
345 3345
50 1000
1000 900
234 234
6545 4543
234 435
123 645
124 345
543 765
2145 2346
5432 6534
3214 6543
4123 3456
4231 6453
6543 4634
4563 4563
5653 345
43242 5654
4423 4645
9867 6789
8786 7867
3245 6543
1233 4231
4312 3425
6453 7546
6344 5674
5456 6543
1239 9321
1238 8413
4159 8954
5432 5234
124 5234
432 6543
1 2
3 4
5 6
7 8
9 0
11 22
22 33
33 44
44 55
55 66
66 77
77 88
88 99
111 222
222 333
333 444
444 555
555 666
666 777
777 888
888 999
1111 2222
2222 3333
3333 4444
4444 5555
5555 6666
6666 7777
7777 8888
8888 9999
1 22
2 33
3 44
4 55
5 66
6 77
7 88
8 99
9 88
8 77
7 66
6 55
5 44
4 33
3 22
2 11
1 11
2 22
3 33
4 44
5 55
6 66
7 77
8 88
9 99
100 300
200 400
300 500
400 600
500 700
